9.404436355886822696e+00
2.428496133506130406e+01
2.821028839114524089e+01
4.463035959034034050e+00
2.576486590765559015e+01
2.460085889851254848e+01
2.010595572107361306e+01
2.522854355644645352e+01
6.411854166785772691e+00
2.241234731565657867e+01
2.450023634438287701e+01
3.299335838638482699e+01
2.130614824447306788e+01
2.382439325450937417e+01
2.118189167161327902e+01
2.424971127669683568e+01
8.528470017231899902e+00
2.993148477581135580e+01
2.393790518996981120e+01
2.354303318567313852e+01
4.848339740948526710e+00
8.054721099846968713e+00
2.980266309359079813e+01
3.227901595738504881e+01
3.339245523828265050e+01
2.823113104406850482e+01
2.704935345167659122e+01
2.782722140101250474e+01
2.739730606052940232e+01
2.202129573160540588e+01
2.981778734444627688e+01
3.408392426900520888e+01
2.311317641337394946e+01
2.530513551735058186e+01
2.516840981715579773e+01
2.572384526109945213e+01
2.712082499263054913e+01
?
2.532760780649862298e+01
3.375601184914488329e+01
3.203821014571386172e+01
2.252404409774761262e+01
2.621237879310902841e+01
8.000963603398432156e+00
2.897701737921903131e+01
3.288344543963633271e+01
2.168443180382260138e+01
3.006975763370485311e+01
2.299480090324319903e+01
2.123154522381033615e+01
8.475018307044869914e+00
2.269606902552455097e+01
2.868902161946621021e+01
2.991760324480510036e+01
2.162994870594486230e+01
2.231306262934703355e+01
2.429972047925735268e+01
3.253453000425342623e+01
2.827664646449681030e+01
2.732870836415302307e+01
2.661644777869291900e+01
3.674390819082628923e+01
3.463947406824640751e+01
3.175211273060833150e+01
-4.369504654323858261e+00
2.484273665449440216e+01
2.248455863463060567e+01
3.077423557992999292e+01
8.173859416688515012e+00
2.342540965737163461e+01
9.593783273886327123e+00
2.887122965354279103e+01
2.869581752194035218e+01
2.298291204707914304e+01
2.655505722017650072e+01
8.478357411111886677e+00
3.675488169042004927e+01
2.964866198447254675e+01
2.314244490725087289e+01
2.015092445131768528e+01
8.864572607294046946e+00
2.193052351757569340e+01
2.442785079284160688e+01
2.068299069241955479e+01
2.245639326814009706e+01
2.605291708865227562e+01
2.430133045432774352e+01
2.108269907199642645e+01
2.322041736148641888e+01
2.109276900138678457e+01
2.417210136180403524e+01
2.318784208767277732e+01
3.375942455408323895e+01
?
2.249787315580230285e+01
2.703769733842752032e+01
7.533673260262734317e+00
2.485273812416235728e+01
2.642274455233911823e+01
2.453406991716773433e+01
6.807998443899329288e+00
2.212851378937665814e+01
2.615428079211750756e+01
2.253160551494200092e+01
9.535967039540565793e+00
3.138822611162475340e+01
2.892099342200620171e+01
2.162397146540106974e+01
2.516403545180252976e+01
2.736282117735871466e+01
2.566632633723499879e+01
2.900194892429681559e+01
2.746970339623104351e+01
3.534511297847357980e+01
7.857448205200920910e+00
2.465249886378673239e+01
2.938283475693236113e+01
3.258357181512461409e+01
2.509035368072472849e+01
2.813970174878654262e+01
2.259039141740718648e+01
2.860616125882843264e+01
2.549273685431441550e+01
2.036342878308524007e+01
8.643641400027384236e+00
2.473558855949517366e+01
3.189751035921366196e+01
9.448679875965382280e+00
2.748941651967674460e+01
2.914438591781228638e+01
3.197539619614067874e+01
2.760106707288530004e+01
2.428787348656305412e+01
2.091464718548832025e+01
3.398539506081390726e+01
2.659026452755676218e+01
2.594739824040770415e+01
2.160966755697310049e+01
2.535807330817615224e+01
2.149808540619476815e+01
2.385257419466071482e+01
2.563162755708584584e+01
2.652854459993707081e+01
2.889935351966348520e+01
2.817304726798849401e+01
2.673490830292392317e+01
3.243218397350078419e+01
2.765861725002304894e+01
2.054424557760540182e+01
2.825532645955107824e+01
2.283295469266828803e+01
2.589620777809622254e+01
2.530443769249411190e+01
2.455352351831657032e+01
9.686090771718951942e+00
2.417215015454028304e+01
9.884035980809144917e+00
2.963874895843181179e+01
2.767654091167250741e+01
2.161276607467246080e+01
2.646182925764640004e+01
8.777318579979837665e+00
2.543073674130329920e+01
6.982806665116882527e+00
9.691018269295518905e+00
2.469131498439167061e+01
3.019597999991299275e+01
2.782301774759785218e+01
2.528031406288931393e+01
2.527443637019736755e+01
3.457296829978187702e+01
2.443759745725890298e+01
2.203568829692253672e+01
2.089732115178722793e+01
2.802148406903862821e+01
3.239976453616634444e+01
2.516981618488530259e+01
2.519764100140158547e+01
2.180334079244633472e+01
3.397763407837013006e+01
3.042255398646833697e+01
3.404873017817014613e+01
3.473599109127393803e+01
9.700945277504189335e+00
3.481508260122335230e+01
2.196860952778907361e+01
2.964810344271202425e+01
2.902251276042002814e+01
2.189569637115056011e+01
2.831501473148291836e+01
5.902325941440217605e+00
2.848126456438546938e+01
3.090133324507340262e+01
2.587266007608977247e+01
3.047602711125550456e+01
2.777126396706856326e+01
2.775065964321751366e+01
2.560502208700947691e+01
3.008099718973736358e+01
2.208580116656266412e+01
2.401045750004963963e+01
2.634655192850038574e+01
2.638268598087653416e+01
3.012042391260649410e+01
2.172162545721202065e+01
2.173804107948154041e+01
2.988133929541436018e+01
3.541363069409327125e+01
2.435993570626943594e+01
3.370931764633091632e+01
5.915875131178085056e+00
2.218697260075231270e+01
3.462060690354032033e+01
6.553283941424666637e+00
2.063879481425727747e+01
2.735007725888186059e+01
6.689430873807474143e+00
6.540577513119586683e+00
7.931728657829300033e+00
7.495908251779823672e+00
2.460985221776494214e+01
2.543180531859888660e+01
9.328064292187484341e+00
2.826622102707300499e+01
9.030843681388297739e+00
2.087817274916118748e+01
2.987811310772516649e+01
2.943324740666217565e+01
3.089731283206628021e+01
2.311482781764194527e+01
3.155512784193374998e+01
3.164906277951335056e+00
2.784703764696646289e+01
2.726598036657787816e+01
2.395732129206857763e+01
8.903712235183569135e+00
2.517883038160581677e+01
2.678614289288673689e+01
2.359921777691678813e+01
8.935381733383955805e+00
2.116467318532463793e+01
2.414725157065036498e+01
4.112649507390152337e+01
9.482953394297375382e+00
2.259490372895725585e+01
2.772246648464139085e+01
2.874077946116296900e+01
3.334804528395746814e+00
2.603805927850383384e+01
2.569270287818132914e+01
2.079082634177621003e+01
3.458739899104428162e+01
2.536540751808955108e+01
2.343041618858451969e+01
5.881836813966881294e+00
2.633796566006344619e+01
2.006352040790484281e+01
2.306247781092768534e+01
2.439438771658493366e+01
3.360646123055027346e+01
3.225998380865785720e+01
2.115837383030977747e+01
2.724238487092551964e+01
2.441128029668443133e+01
2.403147980475963763e+01
2.759948723130987247e+01
2.503536886583242804e+01
5.889984547372415946e+00
3.246153115858150073e+01
2.345040549597163348e+01
2.040142828739878667e+01
2.380273338327237553e+01
2.251144065678599304e+01
3.287560923789339995e+01
3.575987024748030763e+01
2.540002953081666348e+01
3.074234720494602158e+01
2.955321822844452839e+01
2.517229088014527605e+01
2.176311294147897257e+01
4.385158719226936341e+00
2.690386180553669604e+01
2.370620756973156773e+01
2.517538031582531843e+01
2.063124526522280888e+01
2.533174451533567506e+01
2.797748028408651422e+01
2.909773171758835275e+01
2.739420247810538100e+01
2.476625703756218755e+01
2.068667673174509503e+01
3.366033487783636247e+01
2.422646402075615413e+01
9.984575574761311856e+00
2.610432346164273909e+01
2.186987219279930272e+01
2.741743966426871637e+01
7.283133055673189915e+00
2.269971699638889362e+01
7.856576385720185129e+00
2.174350845405346178e+01
3.012447092546356586e+01
2.641086701333383857e+01
2.967049014720603850e+01
3.141626929782406563e+01
2.377402698909436296e+01
2.476360824183826637e+01
2.703473904371449521e+01
2.839692283775442050e+01
2.797615216203990940e+01
2.861603814959291370e+01
2.252170523633994748e+01
3.108693198000436553e+01
2.232478718522410333e+01
2.636858109661225669e+01
2.924387266105017602e+01
2.939942848922193619e+01
3.002522889644313864e+01
2.108111416476017297e+01
2.024502996645809461e+01
2.490925387023495219e+01
2.691145072617134559e+01
9.897983910820720155e+00
2.555695982119395637e+01
3.105625202168673837e+01
3.416920381716868604e+01
2.294004301203736418e+01
2.213978524308801354e+01
3.555461975145284725e+01
3.145457842580795926e+01
3.239208066595715252e+01
2.448986130346231249e+01
2.598289412830187217e+01
3.863899143926634849e+01
2.404680930454676968e+01
2.394171943711033279e+01
2.911149813305183898e+01
8.433697053089524331e+00
2.435479859703669803e+01
2.463912084361993493e+01
8.924383063976563335e+00
2.524776350831493232e+01
2.201167739912446919e+01
2.311338077997817209e+01
2.598627858164721971e+01
2.402999850356719946e+01
2.718762421781868710e+01
3.003708266331799592e+01
2.465953727765620584e+01
2.583938211989388378e+01
2.125663372522484806e+01
3.624632136967517937e+01
2.783189164117846204e+01
3.436250967478267171e+01
2.693687798404501876e+01
9.374260263341419375e+00
2.795447888674712900e+01
8.005838402469603210e+00
3.146955964489490043e+01
2.869702722090592317e+01
2.498549058300988435e+01
2.145922542945073985e+01
2.159063215688100001e+01
2.067964261553031946e+01
2.598438433891371702e+01
