3.502320928510589937e+01
2.188552285243272877e+01
3.728387273413041925e+01
2.085566199608334514e+01
2.279302821214623975e+01
3.732789264808720020e+01
2.106559909772757067e+01
2.475956561964761349e+01
2.331447850175688785e+01
3.690765118091318442e+01
2.237607835438580040e+01
3.683783526587860990e+01
2.041809353656919512e+01
2.337860784540047376e+01
3.734661853295669687e+01
2.215979184332364582e+01
3.786353702389051534e+01
2.428617557804820137e+01
3.641692687748492574e+01
2.442056383278324461e+01
2.162327395755883686e+01
2.311988689468246960e+01
2.336477995490112392e+01
3.529268965162617633e+01
2.037390563258928466e+01
2.283113386914650533e+01
3.503730588287417191e+01
2.108300386193571541e+01
2.484035434200957582e+01
2.273223180352234252e+01
2.009581329736791844e+01
3.536089668403547392e+01
3.764313233012398996e+01
2.425528376765134553e+01
2.249769158970251226e+01
3.787205706499529612e+01
2.401609397621158593e+01
2.454939818369184934e+01
3.753399636124989058e+01
3.604455192708516620e+01
3.572852397734659036e+01
2.070080330652913148e+01
2.144511658867931558e+01
2.379069546553229131e+01
2.361274239900839333e+01
3.519063352603552630e+01
2.080406649109235673e+01
2.004010618379257735e+01
2.246209386374263062e+01
3.568647636531088096e+01
2.143751564294728951e+01
2.107800742163608732e+01
2.431302030865146691e+01
2.322060320128424138e+01
3.593998346144977063e+01
2.256254127833784295e+01
2.210896019811842450e+01
2.446951181510325668e+01
3.745327714851765677e+01
2.139184099930224292e+01
3.714673659764596891e+01
2.160396591474577122e+01
2.248319563621167561e+01
2.239088922376318891e+01
2.343161517154901574e+01
3.795059385118356943e+01
2.034252958546330703e+01
2.136898654117894480e+01
2.453097793562915285e+01
2.185741666455032473e+01
3.502511545482126110e+01
3.742745231491669955e+01
3.702008520041932371e+01
2.338900005201523413e+01
2.089673872187053050e+01
2.343022909629934247e+01
3.709395524086485096e+01
3.757340718661608747e+01
3.783997811736261241e+01
2.440614234353893508e+01
3.577271542626957057e+01
2.173016844755360211e+01
2.406051867060346439e+01
2.017881966158116214e+01
2.228438302863521159e+01
2.140074423201725295e+01
2.348004282393222297e+01
2.254644277604143809e+01
2.047110405439946490e+01
2.429201496817399075e+01
3.595820011435001362e+01
2.442945467078092747e+01
2.053215863824826570e+01
2.376845543244913372e+01
2.304010511676092321e+01
2.342512429034905352e+01
2.304888006320617677e+01
2.259218770746983651e+01
3.766554540771290505e+01
2.026781124718946359e+01
3.510269802751739121e+01
2.488180829154329743e+01
2.033345714825713202e+01
3.774265980098677176e+01
3.760096512690275006e+01
2.353148932968372264e+01
3.690278997851336840e+01
2.054661181910535817e+01
3.566668152898813560e+01
2.486644059578630106e+01
3.790897503011461822e+01
2.453280415046971186e+01
2.443565883928419069e+01
2.318493373908003008e+01
3.754036428759791733e+01
3.768000236715854356e+01
2.477883651442879298e+01
2.226047157523737496e+01
2.289532369090424879e+01
3.725373964212539590e+01
2.336132161753365111e+01
2.061956127960208818e+01
3.697002422136921496e+01
2.315438541226725278e+01
2.421561874348095600e+01
2.391644033908346145e+01
3.656747093148710093e+01
2.266842981037445881e+01
2.058383812719231543e+01
2.339247974509238048e+01
3.734985640251386485e+01
2.322237204416299861e+01
2.342692210205756354e+01
3.541774652823376357e+01
2.327632232046128280e+01
2.024254839209297785e+01
2.285831966169965312e+01
2.163732244338948618e+01
3.642931735895807321e+01
2.164083873278396908e+01
2.088131932187248196e+01
2.014664613547027017e+01
2.281673150631424463e+01
2.295596211626845928e+01
2.165466551966365216e+01
2.080772605704598988e+01
2.283659976624218757e+01
3.702801804618174231e+01
2.330331313831353768e+01
2.142149942252635242e+01
2.230969049616755129e+01
2.430798831003347971e+01
2.203707680511345757e+01
3.541801669878410053e+01
2.397519766040851152e+01
2.076509476282981126e+01
3.524163520220866985e+01
2.338428711412797512e+01
3.577217963778393539e+01
2.460402573683007077e+01
2.391590885205738104e+01
2.246748125367970772e+01
3.514801297052930096e+01
2.028118390481347078e+01
3.788721301903295569e+01
3.651011778613496972e+01
2.064117432612270164e+01
3.703221444767260806e+01
3.592693367771904889e+01
2.205256429415833352e+01
3.611879587317146445e+01
3.758112435932779505e+01
2.232126018373423548e+01
2.290613188127997546e+01
3.725518281403539333e+01
3.630132092990776016e+01
3.505265566717521608e+01
3.799458393451666893e+01
3.534665425639474279e+01
3.553929451685310426e+01
3.570051933551486911e+01
2.375301894227785837e+01
2.465687679144085465e+01
3.622422339683970449e+01
2.008213075086976573e+01
3.502050597533556697e+01
3.781291808703555546e+01
2.461490286820169970e+01
2.429782587958876405e+01
2.354797677698184089e+01
2.215370121800338410e+01
2.001500894083575588e+01
2.475031628497481506e+01
3.740027256939542610e+01
2.221190829308786618e+01
2.292086814362159330e+01
3.624110095678694421e+01
2.393022880876014469e+01
2.445933751363332220e+01
3.551027003339234511e+01
3.592361883031755099e+01
2.175907597283236683e+01
3.768027372689977028e+01
2.300116024150810290e+01
3.571116105010312936e+01
2.242547477064623962e+01
3.757476105158585256e+01
3.719814890250798101e+01
3.617997721959836355e+01
2.062485449872950483e+01
3.713823539533663620e+01
2.322358373750871507e+01
2.252277921546670569e+01
3.522400423967008010e+01
3.530120426444639747e+01
3.577594487766170062e+01
2.300417035081258277e+01
3.698655536384761433e+01
3.782086153267898965e+01
2.129564137305676752e+01
2.257202048048280574e+01
3.679692840512454666e+01
2.189644503675638987e+01
3.674947519125444018e+01
2.142112953571082201e+01
2.294517348274284885e+01
3.602905969200517688e+01
2.327960839210719968e+01
3.784933897803534819e+01
3.663055399999394979e+01
2.058413233106440998e+01
2.396702918789859638e+01
2.209392325181948280e+01
2.305169402321540773e+01
2.000812976888099826e+01
3.516265770639434862e+01
2.475333496326668126e+01
3.725874115784066021e+01
3.713100341340302180e+01
2.474252868205298483e+01
3.761897748941258612e+01
2.407844057167942609e+01
2.374673526236990995e+01
2.166482490681059758e+01
3.551043414733699422e+01
2.261593917070950255e+01
3.646136428149016240e+01
2.013044224913489089e+01
2.164523758095841188e+01
2.491146588623841041e+01
2.252999413216711844e+01
2.157062742021793511e+01
3.779624508139308148e+01
3.769049243762498236e+01
2.316206144433137482e+01
3.633883737153448124e+01
3.534252095756527012e+01
2.076194875012578223e+01
2.346612683311462177e+01
3.724649889492764743e+01
3.606209752058207130e+01
3.511645683591851252e+01
3.750779483978065088e+01
2.047156502748345730e+01
3.674614283961474825e+01
2.395389717030424492e+01
2.167090654323180132e+01
3.589408179082045081e+01
3.555118017240634742e+01
3.624785665090162468e+01
2.002345183191445344e+01
2.000604603442117835e+01
3.781679867508321990e+01
2.350554146182269122e+01
2.288882496046755932e+01
3.698925555428169787e+01
2.450998665180705771e+01
3.751543868546153249e+01
2.317295586907772531e+01
2.448777168155748640e+01
2.447756192551837984e+01
2.334225743454838309e+01
3.635650160129868880e+01
2.438165534827046699e+01
2.046595840645316855e+01
3.753334579524489101e+01
2.012148416485639046e+01
2.299158589011157261e+01
2.090038189682594805e+01
3.502898960801080364e+01
3.553382597813188681e+01
2.033199549346792878e+01
2.060111670871104650e+01
2.256584434051190868e+01
2.159637318125538741e+01
2.044451148313745037e+01
2.496514129679890104e+01
3.737939247001658316e+01
2.497899763672384310e+01
3.525072199939666007e+01
2.006422973009651756e+01
2.416267876385597191e+01
2.015831885056907780e+01
3.634017195328816285e+01
2.487385274442407379e+01
2.126192394793986296e+01
3.791583780342762111e+01
2.459377563475953821e+01
2.353353721819967603e+01
2.216036111172788736e+01
2.077388437590731485e+01
3.743083098215326743e+01
2.374170711228703112e+01
2.401746006916877718e+01
2.495561703490699657e+01
2.240060498012807244e+01
2.000767134384258483e+01
3.582960754718371277e+01
2.325319274690241400e+01
2.051628238000354543e+01
3.762717548026022030e+01
3.738588209554376363e+01
2.467873981948960349e+01
2.025127157119000643e+01
2.115459058835873662e+01
2.384684251922342213e+01
2.107440559951430004e+01
3.630579280483063087e+01
3.710169840422157250e+01
3.617277522595187378e+01
2.320973144248916498e+01
3.679097993578086800e+01
3.666215882943173199e+01
2.408661994017105812e+01
3.555993452748015216e+01
3.732973172721380450e+01
3.697928836062165203e+01
2.167469994823466450e+01
2.419489501057202574e+01
2.484265124387266610e+01
2.115024792401321108e+01
2.328645665302807188e+01
3.516513017221927839e+01
2.238331759229023632e+01
2.394855925325409629e+01
3.541711220603495747e+01
3.598887944176141218e+01
2.394902419551188899e+01
2.440928627842766119e+01
3.599579696053103817e+01
3.588454259997413942e+01
3.655463460631816019e+01
2.353267645728952573e+01
2.109242642367233245e+01
3.754489040837227520e+01
2.285326555822135575e+01
2.032068864885765791e+01
2.129452069733385855e+01
3.509576053395761619e+01
3.659004325905515032e+01
2.149813635645532628e+01
3.787699590464897881e+01
2.446840307725844355e+01
2.140328493610902427e+01
2.266786044880677053e+01
